1 7
2 19
2 11
3 14
4 3
4 17
4 1
4 6
4 11
5 3
5 2
6 3
6 1
6 21
7 3
7 14
7 17
8 14
8 21
9 12
9 8
10 14
10 8
10 10
11 3
11 1
11 21
11 7
12 3
13 19
14 16
14 1
14 21
15 14
15 17
15 8
16 5
17 5
18 19
19 5
20 9
20 1
20 18
20 8
21 3
21 16
21 17
21 1
22 2
23 1
23 20
23 10
24 1
25 1
25 8
26 1
27 9
27 14
27 1
28 1
29 1
30 3
30 16
30 14
30 18
30 2
31 9
31 18
32 14
32 19
33 23
33 1
33 13
34 1
35 2
36 14
37 23
37 1
37 8
37 13
38 17
38 1
38 11
39 1
40 19
40 2
40 11
41 1
41 8
42 1
42 11
43 23
43 14
43 1
44 3
44 16
44 18
44 2
45 1
45 21
46 1
47 1
47 11
48 5
49 3
49 14
50 3
50 16
50 14
50 12
50 20
51 14
51 17
51 1
52 17
52 1
53 14
54 5
55 1
55 8
56 23
56 1
57 23
57 1
57 21
57 7
58 5
59 5
59 21
60 1
60 8
61 14
61 1
61 8
62 5
63 3
63 11
64 23
64 1
65 3
65 1
66 3
66 16
66 9
66 17
66 18
66 21
66 20
67 1
67 20
68 9
68 14
68 4
69 3
69 16
69 2
70 10
71 14
71 19
72 14
72 12
72 8
73 17
73 1
73 20
74 16
74 9
74 14
74 4
74 18
74 6
74 20
75 3
75 17
75 11
76 3
76 1
76 6
76 11
77 1
77 8
78 19
79 3
79 18
79 19
80 17
81 14
82 3
82 17
82 1
82 11
82 10
83 23
83 1
83 19
84 1
85 1
85 4
86 2
87 14
88 19
88 2
89 19
89 11
90 19
90 11
91 1
91 12
91 8
92 1
92 8
93 14
94 14
94 1
95 5
96 5
97 1
97 11
98 3
98 17
98 18
98 11
99 3
99 16
99 4
99 18
100 3
100 2
100 11
101 3
101 16
101 9
101 14
101 4
102 17
102 1
102 20
102 11
103 1
103 20
103 2
103 11
104 1
104 6
104 11
105 5
105 1
105 21
105 15
106 16
106 14
107 19
108 3
108 2
108 11
109 5
110 5
110 20
111 14
112 1
112 18
112 20
112 8
112 11
113 5
113 13
114 8
115 5
116 14
116 1
117 1
117 2
117 11
118 3
118 4
118 2
119 1
119 8
120 23
120 1
120 13
121 3
121 14
121 17
121 1
121 19
121 11
122 3
122 16
122 9
122 14
122 4
122 12
122 2
123 23
123 1
124 19
124 20
124 2
124 11
125 3
125 11
126 23
126 1
127 17
127 1
127 20
128 17
128 1
128 20
128 11
129 17
129 1
130 3
130 17
130 20
130 11
131 14
131 17
132 1
132 4
133 16
133 1
133 20
133 11
134 14
134 1
134 19
135 5
136 1
137 17
137 20
137 8
137 11
138 23
138 5
138 1
138 13
139 16
139 1
140 14
140 1
140 8
141 3
141 16
141 1
141 8
141 7
142 5
142 13
143 16
143 14
143 18
143 19
144 17
144 19
144 20
144 11
145 17
145 1
146 14
146 1
146 7
147 1
147 18
147 2
148 5
148 13
149 1
149 19
149 20
149 11
150 3
150 16
150 1
150 8
150 2
151 14
151 19
152 16
152 17
152 1
152 21
152 20
152 11
153 2
154 3
154 16
154 19
154 2
154 11
155 16
155 1
155 4
155 18
156 1
157 17
157 22
157 11
158 19
158 20
158 11
159 14
294 14
294 1
313 23
313 1
314 17
314 1
314 20
322 5
322 13
323 23
323 1
323 6
324 17
324 1
324 11
325 23
325 4
325 21
326 17
326 1
326 19
326 20
326 11
327 9
327 23
327 17
327 1
327 20
328 23
328 1
328 7
329 16
329 9
329 14
329 4
329 18
329 12
330 17
330 1
331 19
332 19
332 11
333 11
334 14
334 1
334 6
335 3
335 19
336 23
336 14
336 1
336 13
337 23
337 5
337 6
338 23
338 1
338 8
338 7
339 23
339 1
339 21
339 11
340 1
340 8
341 17
341 1
342 23
342 1
343 17
343 11
344 3
344 17
344 1
344 20
344 11
345 23
345 1
346 19
347 17
347 1
347 21
347 11
348 14
348 17
348 1
349 1
349 19
349 2
349 11
350 19
351 19
352 1
352 10
353 11
354 3
354 19
354 11
354 7
355 3
355 16
355 1
355 8
355 11
356 10
357 5
357 7
358 3
358 16
358 14
359 1
359 11
360 16
360 4
360 2
361 23
361 1
361 8
362 19
363 1
364 3
364 16
364 18
365 1
365 8
366 3
366 1
366 21
366 11
366 7
367 3
367 1
367 13
368 2
369 11
370 3
370 19
370 2
371 14
371 1
371 8
372 3
372 14
372 1
372 8
373 20
373 2
373 11
374 1
374 19
374 20
375 1
375 8
376 1
376 4
376 8
377 14
378 23
378 1
378 21
379 19
379 11
380 23
380 1
381 3
381 23
381 14
381 17
381 1
381 21
381 11
382 1
382 8
383 1
384 10
385 3
385 17
385 1
385 11
386 1
387 3
387 16
387 4
387 18
387 11
388 14
388 19
388 11
389 16
389 4
389 2
390 3
390 16
390 2
390 11
391 1
391 11
392 14
392 1
393 3
393 16
393 14
394 5
395 17
395 1
395 21
395 11
396 17
396 1
396 11
397 3
397 19
397 11
398 17
398 11
399 9
399 14
399 4
399 18
399 12
400 1
400 20
400 2
401 1
401 11
402 16
402 9
402 14
402 4
402 13
403 3
403 11
404 16
404 9
404 14
404 4
404 2
405 3
405 9
405 14
406 14
406 1
406 4
406 8
407 3
407 14
407 11
408 1
408 11
409 17
409 1
409 11
410 14
410 19
411 17
411 1
412 14
413 3
413 16
413 23
413 1
413 11
414 1
415 1
416 14
416 1
416 8
417 1
417 6
417 8
417 7
418 19
418 11
419 14
419 1
419 8
420 1
420 20
421 1
421 6
422 17
422 1
422 11
423 1
424 14
424 19
426 1
426 8
427 23
427 14
427 1
427 21
428 3
428 23
428 1
429 19
429 2
430 19
430 11
431 1
431 8
432 16
433 5
433 6
434 3
434 16
434 18
434 2
435 1
435 8
436 14
436 1
436 6
437 3
437 2
437 11
438 1
439 19
439 11
440 3
440 14
440 7
441 23
441 1
442 19
443 3
443 14
443 19
443 11
444 14
444 18
444 8
445 17
445 1
445 20
445 11
446 14
446 1
447 3
447 20
447 11
448 14
448 1
449 14
449 1
449 4
449 8
450 14
450 8
451 1
452 3
452 16
452 14
452 17
452 11
453 14
453 1
453 8
454 14
454 1
455 3
455 16
455 14
455 8
456 19
456 20
456 11
457 17
457 1
458 3
458 16
458 2
459 3
459 16
459 1
459 2
459 11
460 1
460 8
460 13
461 3
461 16
461 1
461 2
461 11
462 3
462 16
462 20
462 2
462 11
463 14
463 1
464 19
465 3
465 11
466 3
466 16
466 18
466 2
467 3
467 16
467 18
467 2
468 3
468 16
468 18
468 2
469 3
469 16
469 18
469 2
470 19
470 20
470 11
471 23
471 1
473 9
473 2
473 11
474 23
474 1
474 21
474 15
474 8
475 1
476 1
476 11
477 23
477 1
477 8
478 3
478 16
478 1
478 2
478 11
479 1
479 19
479 11
480 1
481 14
482 14
482 1
482 8
483 3
483 19
483 11
484 18
485 3
485 16
485 20
485 2
485 11
486 3
486 16
486 9
486 14
486 4
486 18
486 21
487 16
487 9
487 14
487 4
487 2
488 19
488 11
489 1
489 19
489 20
489 11
490 1
490 8
491 3
491 19
491 2
492 14
493 14
493 8
494 14
494 17
494 8
494 11
495 19
495 11
496 14
497 1
497 12
497 8
498 3
498 19
498 11
499 3
499 1
499 21
499 11
500 3
500 16
