1 881
5 210
6 865
6 497
8 700
8 795
8 845
8 393
9 265
9 720
9 672
9 541
10 303
10 574
10 918
10 749
12 889
13 115
14 896
14 141
14 554
14 396
15 362
15 167
15 850
15 329
16 927
17 135
17 676
17 261
17 221
18 333
18 746
18 756
18 444
19 917
20 151
20 840
20 78
21 397
21 739
21 422
21 42
22 391
22 82
22 680
23 590
23 591
23 492
23 611
25 61
25 652
25 873
27 686
27 263
27 914
27 32
28 488
29 656
29 709
29 438
29 786
30 157
30 861
30 81
30 137
32 471
32 689
32 523
32 68
33 121
33 279
33 59
33 722
34 34
34 267
34 619
34 155
35 370
35 670
36 276
36 650
36 667
36 97
38 774
38 408
38 72
38 769
39 484
39 576
39 598
39 234
40 697
40 357
41 612
41 757
41 382
41 228
42 684
42 931
42 474
42 710
43 61
43 308
43 179
43 890
44 29
44 427
44 338
44 300
46 132
46 392
46 302
46 462
48 62
48 612
48 803
48 67
49 668
49 390
49 754
49 888
51 199
51 823
51 5
51 143
52 924
52 730
52 801
52 1
53 731
53 450
53 662
53 715
55 89
55 724
55 224
55 878
56 376
57 565
57 304
57 79
57 539
58 507
58 342
60 683
60 188
60 543
60 625
61 159
61 106
61 639
61 728
63 581
63 886
63 368
63 195
64 277
64 13
64 636
64 72
65 152
66 404
66 814
66 499
66 854
67 95
67 930
67 392
67 910
68 874
68 271
68 500
68 375
69 274
69 635
69 283
69 340
70 887
70 421
70 88
70 425
71 891
71 894
71 496
71 213
72 264
72 671
72 330
72 475
73 458
73 727
73 657
73 519
74 15
74 452
74 84
74 298
75 812
75 748
75 747
75 64
76 272
76 256
77 345
77 306
77 472
78 743
78 767
78 63
78 802
79 790
79 9
80 189
80 194
80 354
80 403
81 289
81 430
81 423
81 725
82 742
82 600
82 573
82 318
83 903
83 52
83 193
83 789
84 917
84 124
84 586
84 501
85 481
85 706
85 595
85 367
86 880
86 171
87 21
87 768
87 4
87 698
88 239
88 35
88 160
88 786
89 646
89 416
89 162
89 248
90 77
90 674
90 352
90 629
91 638
91 165
91 196
91 654
92 478
92 630
92 775
92 388
93 651
93 478
93 164
93 781
94 5
94 6
94 80
94 831
97 350
97 460
97 465
97 788
98 916
98 429
98 696
98 252
99 508
99 522
100 311
100 203
100 1
100 249
101 703
101 494
101 211
101 365
102 678
102 864
102 665
102 110
103 328
103 210
103 797
103 391
104 227
104 103
104 594
104 713
106 163
106 660
106 536
106 509
107 457
107 605
107 859
107 75
108 275
108 796
108 718
108 560
111 567
111 561
111 610
111 913
114 257
114 373
114 36
114 547
116 804
116 374
116 699
116 552
117 3
117 41
118 246
118 122
118 273
118 222
119 732
119 708
119 851
119 487
120 829
120 839
120 771
120 214
121 528
121 190
121 201
121 212
122 60
122 863
122 27
122 65
123 924
123 408
123 400
123 122
124 259
124 832
124 323
124 198
125 791
126 405
126 858
126 661
126 469
127 314
127 164
127 632
127 317
128 621
128 483
128 705
128 763
129 230
129 420
129 183
129 828
130 301
130 291
130 826
130 123
131 902
131 418
131 869
131 582
132 807
132 642
132 186
133 620
133 88
133 473
134 431
134 337
134 584
134 783
136 117
136 202
136 818
137 83
137 588
137 249
137 144
139 278
139 69
139 893
139 173
140 233
140 107
140 558
140 384
141 136
141 836
141 292
143 80
143 540
143 524
143 415
144 548
144 125
144 877
144 178
145 282
145 908
145 319
145 764
146 118
146 846
146 551
146 174
147 899
147 844
147 643
147 919
149 693
149 183
149 22
149 744
150 612
150 695
150 452
150 172
151 895
151 559
152 615
152 74
153 920
153 585
154 291
154 466
154 99
154 349
155 381
155 579
155 566
155 343
156 617
156 86
156 904
156 564
157 441
157 758
157 364
157 290
158 356
158 94
159 225
159 821
159 761
159 329
294 326
294 699
294 295
294 170
313 580
313 751
313 185
313 702
314 154
314 53
314 138
314 220
322 766
323 419
323 361
323 734
323 833
324 450
324 10
324 58
324 786
325 599
325 240
325 516
325 841
326 750
326 644
326 897
326 155
327 804
327 11
327 245
327 334
328 31
328 661
328 325
328 426
329 266
329 933
329 562
329 538
331 784
331 241
331 542
331 740
332 38
332 556
332 613
333 440
333 262
333 366
333 679
335 849
335 193
335 520
335 847
336 269
336 846
336 255
336 88
337 230
337 184
337 87
338 683
338 808
338 525
338 934
339 616
339 561
339 235
339 640
340 909
340 448
340 284
341 404
341 901
341 242
341 883
342 142
342 502
342 197
342 835
343 533
344 736
344 146
344 365
344 512
345 838
345 408
345 332
345 324
346 929
346 778
346 648
346 604
347 353
347 398
348 100
348 578
348 872
348 862
349 694
349 263
349 527
349 526
351 258
351 8
351 524
351 633
352 120
352 906
352 437
352 451
353 288
353 181
353 653
353 37
354 313
355 348
355 504
355 231
355 76
356 461
356 382
356 394
356 922
358 218
358 119
359 531
359 426
359 737
359 359
360 821
360 919
360 712
360 482
361 39
361 232
361 463
361 664
363 122
363 529
363 755
363 765
364 627
364 71
364 637
364 690
365 280
366 884
366 175
366 641
366 607
367 839
367 407
367 628
367 385
368 440
368 134
369 688
370 309
370 779
371 924
371 647
371 113
371 486
372 753
372 623
372 682
372 158
373 813
373 805
373 506
373 825
374 409
374 240
374 537
374 395
375 226
375 401
375 336
375 19
376 830
376 315
376 442
376 468
377 70
377 296
377 534
377 815
378 477
378 645
378 704
378 251
379 563
379 842
379 285
379 692
380 372
380 857
380 293
380 177
381 882
381 417
381 240
381 572
382 312
383 493
383 140
384 583
384 116
384 127
384 535
385 772
385 108
385 762
385 341
386 204
386 868
386 892
387 531
387 777
387 711
387 102
388 716
388 905
388 250
389 553
389 424
389 517
389 707
390 62
390 569
390 773
390 378
392 175
392 711
392 268
392 539
393 143
393 483
393 855
393 327
395 56
395 434
395 915
395 495
396 863
396 752
396 822
396 877
397 316
397 932
397 530
397 459
398 646
398 760
398 723
398 17
399 104
399 490
399 867
399 191
400 730
400 480
400 57
400 339
401 147
401 30
402 61
402 706
402 721
402 521
403 247
403 858
403 649
403 812
404 223
405 921
405 485
405 866
405 8
406 513
406 780
406 555
406 149
407 798
407 800
407 803
407 304
408 504
408 606
408 476
408 820
409 377
409 51
409 514
409 571
410 735
410 793
410 54
410 811
411 658
411 845
411 254
411 917
412 244
412 360
412 618
412 85
413 200
413 865
413 20
413 432
414 439
414 129
414 73
414 219
416 391
416 176
416 923
416 231
417 161
417 727
417 691
417 446
418 843
419 411
419 719
419 631
419 414
420 741
420 651
420 510
420 206
421 139
421 687
421 112
421 454
422 561
422 229
422 150
422 428
423 677
424 794
424 587
426 386
426 852
426 510
426 412
427 335
427 794
427 346
427 28
428 93
428 860
428 782
428 898
429 485
429 875
429 437
429 18
430 77
430 410
430 408
430 126
431 24
431 130
431 166
431 363
432 776
432 109
432 837
432 593
433 848
433 378
433 456
433 205
434 130
434 259
434 275
434 182
435 237
435 253
435 655
436 429
436 153
436 685
436 402
437 597
437 545
437 570
437 928
438 550
438 294
438 90
438 489
439 381
439 856
439 288
439 738
440 658
440 168
440 436
440 377
441 50
441 717
441 900
441 40
442 423
442 729
442 792
442 745
443 824
443 254
443 666
443 238
444 136
444 91
444 544
444 907
445 260
445 413
445 460
445 479
446 603
446 176
446 43
446 320
447 148
447 383
447 443
447 89
448 435
448 206
448 925
449 128
449 467
449 464
449 701
450 251
450 379
450 816
450 871
451 381
451 281
451 810
451 470
452 700
452 58
452 12
452 609
453 145
453 433
453 217
453 399
454 445
454 511
454 45
454 321
455 870
455 726
455 347
455 577
456 98
456 355
457 759
457 187
458 169
458 921
458 447
458 557
459 757
459 532
459 921
459 557
460 287
460 568
460 589
460 208
461 7
461 678
461 715
461 380
462 921
462 557
462 310
462 592
463 260
463 66
463 926
463 93
464 236
464 819
464 111
464 626
465 813
465 33
465 299
465 180
466 675
466 331
466 429
466 278
467 675
467 515
467 561
467 278
468 135
468 603
468 328
468 733
469 675
469 331
469 787
469 616
470 663
470 49
470 55
470 23
471 114
471 673
471 924
471 809
473 714
474 314
474 645
474 344
474 596
475 26
475 311
475 917
475 322
476 624
476 426
476 207
476 305
477 275
477 799
477 498
477 297
478 924
478 478
478 44
478 879
479 634
480 137
481 912
481 101
481 96
481 192
482 602
482 286
482 622
482 455
483 911
483 52
483 209
483 307
484 70
484 231
484 575
484 243
485 594
485 715
485 921
485 601
486 358
486 389
486 14
486 449
487 834
487 46
487 406
487 258
488 821
488 546
488 549
489 614
489 131
489 215
489 853
490 785
490 79
490 351
490 876
491 453
491 105
492 659
492 371
492 503
492 669
493 26
493 686
493 66
493 211
494 48
494 625
494 827
494 25
496 491
496 133
496 518
496 216
497 806
497 2
497 505
497 92
498 47
499 1
499 608
499 387
499 270
500 885
500 156
500 770
