1 302
2 120
3 196
4 255
5 199
6 121
7 166
8 25
9 249
10 308
11 287
12 329
13 122
14 119
15 231
16 280
17 93
18 100
19 138
20 201
21 299
22 199
23 36
24 171
25 195
26 276
27 52
28 326
29 187
30 310
31 225
32 323
33 258
34 11
35 159
36 232
37 172
38 32
39 200
40 48
41 169
42 151
43 295
44 331
45 206
46 78
47 27
48 256
49 275
50 23
51 303
52 214
53 56
54 44
55 16
56 82
57 147
58 215
59 34
60 87
61 204
62 3
63 63
64 41
65 311
66 282
67 203
68 13
69 61
70 131
71 2
72 98
73 183
74 190
75 141
76 133
77 94
78 71
79 292
80 244
81 273
82 128
83 205
84 284
85 297
86 45
87 24
88 322
89 38
90 285
91 62
92 264
93 286
94 243
95 30
96 236
97 129
98 69
99 238
100 77
101 37
102 333
103 80
104 28
105 289
106 161
107 118
108 40
109 55
110 139
111 283
112 142
113 176
114 90
115 160
116 113
117 127
118 304
119 248
120 130
121 332
122 268
123 265
124 175
125 60
126 167
127 110
128 102
129 59
130 140
131 73
132 234
133 12
134 137
135 207
136 188
137 149
138 179
139 272
140 148
141 294
142 233
143 29
144 227
145 267
146 260
147 262
148 4
149 330
150 259
151 324
152 296
153 189
154 192
155 70
156 193
157 20
158 49
159 99
294 124
313 19
314 279
322 306
323 209
324 251
325 291
326 319
327 84
328 132
329 134
330 325
331 254
332 168
333 197
334 5
335 146
336 164
337 156
338 64
339 252
340 226
341 278
342 257
343 96
344 213
345 7
346 153
347 54
348 327
349 242
350 288
351 316
352 42
353 237
354 210
355 115
356 158
357 219
358 89
359 181
360 35
361 18
362 126
363 184
364 154
365 91
366 50
367 43
368 269
369 318
370 101
371 222
372 14
373 123
374 65
375 83
376 103
377 186
378 298
379 15
380 75
381 85
382 53
383 178
384 314
385 309
386 313
387 145
388 46
389 117
390 125
391 92
392 281
393 220
394 67
395 182
396 21
397 277
398 105
399 51
400 211
401 185
402 39
403 223
404 10
405 263
406 224
407 247
408 305
409 180
410 9
411 300
412 261
413 112
414 301
415 8
416 144
417 155
418 57
419 270
420 170
421 108
422 253
423 88
424 229
426 198
427 240
428 106
429 235
430 95
431 177
432 266
433 217
434 194
435 313
436 173
437 239
438 135
439 58
440 304
441 26
442 97
443 1
444 245
445 312
446 68
447 76
448 250
449 246
450 111
451 109
452 293
453 150
454 143
455 253
456 152
457 162
458 191
459 241
460 116
461 165
462 271
463 218
464 17
465 22
466 104
467 104
468 104
469 104
470 74
471 81
473 221
474 114
475 212
476 274
477 6
478 216
479 107
480 174
481 79
482 99
483 157
484 86
485 72
486 47
487 320
488 230
489 31
490 33
491 208
492 202
493 136
494 321
495 317
496 66
497 328
498 228
499 315
